$ANSIBLE_VAULT;1.1;AES256
63303562346632653236343838363237613563303531653432343435643836303266663564663764
6437613737656438623736346264396565383266313964390a653239356664343463306535623732
64626230313537343066316665616563363439303663366431363938663566656231316534303366
3638636531663264310a383366613631383033323933323832636365306164346366383839386230
36343864653862653034613362323230393131623436383163383266353535646337383332386238
37356262396630383531653031316636383539306138353035326538316535623237646665383463
39353730656534643438663531363762613338663836326238393562333930663232636437613336
30366261366439353363303334373634343763373861633036393331643934613164346530316431
37376461613065356262623738356662653436323162643564303132363135373234626133623132
63356238616263323163393831303431333730666636656533626130383365646461383465396561
36346132623031306230633262343634333266613464363639363937636166396630363933393236
35303837316330393435313764343036633466646330353035636262633037646134626533343935
62353235343432663831326135613338656534623339363265663738333766646338653031653531
32393032323333636465323765666436346335626435313730323664383435633932363834666264
33366165646139363236306233616263303364323434636664343963643465653839393034653664
64336439343239313534616533333964643431353064316161333837663736326236303763363038
35396638316630623163346435333161626336373865373530663433313932346336313831306135
34626136616233373563643036333161343732336134303733613537613162393737356131663937
63343030303363363563343936383666623663326466363165336666663537646331623439366437
38333661663636346465646637636132373132376237363439323064366334646433613238623533
66356638663135303531616638656664393763363931613537333736616431626637316438363665
62326265626564633864386131373338633463373636386463633533393562303736353765333034
39343765316136643636633462353362663866373661666536623666613934306666643536303664
38396230353333363163393533376533653664636539336434393861663636306263653239386236
62346639323833376463373636343563636663393232633835623961393639313435623536316234
37643865313361396136613136306462616239313662303434633963623238316137393031663562
62343836383731323539323938383933396633333663626362663837303966376164356130373032
31343263336632633461353939323735623238623861353531663835363162613466646231323031
65396363333134323737343234656238356431623434636334303138316263386330363564383732
34613566323061373930323464623635643335313261313835363037653761666664303133623961
64636437353237393938326366646632356663363666383033626362336230373361333663306332
35623630346364356434343364643331633131306532316331666335613466363664663866376433
62363464353138323930363439376465616530336239656465653432376561363033343665353339
38633237343735393336333937316366613563396431353961363461383065323139373136653365
65653833636161616437313064663835653261653737396165396565373130363931323261396363
39613830663734343636396535666630376462306231333135626235383863343762383630323362
38643263663161396437616161323064616236653664623262346137393530633031
